              precision    recall  f1-score   support

   class_102     1.0000    0.4211    0.5926        38
   class_113     1.0000    1.0000    1.0000        15
    class_12     0.9756    0.9756    0.9756        41
   class_124     1.0000    0.6875    0.8148        16
   class_129     1.0000    1.0000    1.0000        24
    class_13     1.0000    1.0000    1.0000        12
   class_130     1.0000    0.8875    0.9404        80
   class_135     0.4000    1.0000    0.5714        12
   class_143     1.0000    0.9778    0.9888        45
   class_149     1.0000    1.0000    1.0000         6
   class_150     0.5769    1.0000    0.7317        15
   class_151     0.6000    1.0000    0.7500        12
   class_153     1.0000    1.0000    1.0000        39
   class_155     1.0000    0.4667    0.6364        15
   class_163     1.0000    1.0000    1.0000        15
    class_17     1.0000    0.9286    0.9630        28
   class_181     1.0000    1.0000    1.0000        17
   class_194     1.0000    1.0000    1.0000         8
   class_200     1.0000    1.0000    1.0000        23
   class_203     0.8929    0.9259    0.9091        27
   class_204     0.6000    1.0000    0.7500        18
    class_26     1.0000    0.9487    0.9737        39
    class_27     1.0000    1.0000    1.0000        15
     class_3     1.0000    0.8182    0.9000        33
    class_31     0.9863    1.0000    0.9931        72
    class_34     1.0000    1.0000    1.0000        60
    class_35     0.9500    1.0000    0.9744        57
    class_39     1.0000    1.0000    1.0000        45
    class_41     0.9655    1.0000    0.9825        28
    class_42     1.0000    1.0000    1.0000        61
    class_43     1.0000    1.0000    1.0000        15
    class_48     1.0000    0.7692    0.8696        13
    class_57     1.0000    1.0000    1.0000        22
    class_58     1.0000    1.0000    1.0000        34
    class_59     1.0000    1.0000    1.0000        21
    class_61     1.0000    1.0000    1.0000        34
    class_65     0.9852    0.9950    0.9901       201
    class_76     1.0000    1.0000    1.0000       111
    class_79     1.0000    1.0000    1.0000        31
     class_8     1.0000    1.0000    1.0000        12
    class_80     0.9747    1.0000    0.9872        77
    class_81     1.0000    1.0000    1.0000        44
    class_82     1.0000    0.9286    0.9630        14
    class_84     1.0000    1.0000    1.0000        11
    class_87     1.0000    0.8333    0.9091        36
    class_94     0.5000    1.0000    0.6667         6

    accuracy                         0.9568      1598
   macro avg     0.9436    0.9470    0.9311      1598
weighted avg     0.9736    0.9568    0.9577      1598
