              precision    recall  f1-score   support

   class_102     1.0000    0.5789    0.7333        38
   class_113     1.0000    1.0000    1.0000        15
   class_118     1.0000    1.0000    1.0000        24
    class_12     1.0000    0.9570    0.9780        93
   class_124     1.0000    0.9020    0.9485        51
   class_129     1.0000    0.7083    0.8293        24
    class_13     0.9231    1.0000    0.9600        12
   class_130     0.9222    0.9765    0.9486       170
   class_135     0.5263    0.8333    0.6452        12
   class_143     1.0000    0.6667    0.8000        45
   class_149     0.9600    1.0000    0.9796        48
   class_150     0.5172    1.0000    0.6818        15
   class_151     0.9706    1.0000    0.9851        33
   class_153     0.8700    1.0000    0.9305        87
   class_155     1.0000    0.9512    0.9750        41
   class_163     0.8182    0.6000    0.6923        15
    class_17     1.0000    0.7500    0.8571        28
   class_181     1.0000    1.0000    1.0000        17
   class_194     1.0000    1.0000    1.0000        46
   class_200     1.0000    1.0000    1.0000        23
   class_203     1.0000    0.9259    0.9615        27
   class_204     0.5625    1.0000    0.7200        18
    class_26     1.0000    0.9744    0.9870        39
    class_27     1.0000    1.0000    1.0000        15
     class_3     1.0000    0.8182    0.9000        33
    class_31     1.0000    0.9944    0.9972       178
    class_34     0.9734    1.0000    0.9865       183
    class_35     0.9835    0.9754    0.9794       122
    class_39     1.0000    0.9333    0.9655        45
    class_41     0.9899    1.0000    0.9949        98
    class_42     0.9839    1.0000    0.9919        61
    class_43     0.5172    1.0000    0.6818        15
    class_48     0.9091    0.7692    0.8333        13
    class_57     1.0000    1.0000    1.0000        52
    class_58     0.9714    1.0000    0.9855        34
    class_59     1.0000    0.9762    0.9880        42
    class_61     1.0000    0.9130    0.9545        92
    class_65     0.9962    0.9905    0.9933       527
    class_76     0.9953    0.9815    0.9883       216
    class_79     0.9688    1.0000    0.9841        31
     class_8     0.9231    1.0000    0.9600        12
    class_80     1.0000    0.9857    0.9928       210
    class_81     1.0000    0.9899    0.9949        99
    class_82     1.0000    0.9231    0.9600        52
    class_84     1.0000    1.0000    1.0000        11
    class_87     0.8913    0.9011    0.8962        91
    class_94     0.7551    1.0000    0.8605        37

    accuracy                         0.9618      3190
   macro avg     0.9346    0.9357    0.9256      3190
weighted avg     0.9705    0.9618    0.9627      3190
