              precision    recall  f1-score   support

   class_102     0.8750    0.5526    0.6774        38
   class_113     0.3846    0.3333    0.3571        15
   class_118     0.9231    1.0000    0.9600        24
    class_12     0.9880    0.8817    0.9318        93
   class_124     0.7593    0.8039    0.7810        51
   class_129     0.8095    0.7083    0.7556        24
    class_13     0.6923    0.7500    0.7200        12
   class_130     0.9784    0.8000    0.8803       170
   class_135     0.6667    1.0000    0.8000        12
   class_143     1.0000    0.9556    0.9773        45
   class_149     0.8421    1.0000    0.9143        48
   class_150     0.8333    1.0000    0.9091        15
   class_151     0.8158    0.9394    0.8732        33
   class_153     0.9775    1.0000    0.9886        87
   class_155     0.9474    0.8780    0.9114        41
   class_163     1.0000    1.0000    1.0000        15
    class_17     1.0000    0.6786    0.8085        28
   class_181     1.0000    1.0000    1.0000        17
   class_194     0.8679    1.0000    0.9293        46
   class_200     0.8333    0.8696    0.8511        23
   class_203     0.8182    1.0000    0.9000        27
   class_204     0.9474    1.0000    0.9730        18
    class_26     0.8889    0.8205    0.8533        39
    class_27     0.6818    1.0000    0.8108        15
     class_3     0.9310    0.8182    0.8710        33
    class_31     0.9889    1.0000    0.9944       178
    class_34     0.9239    0.9945    0.9579       183
    class_35     0.9286    0.9590    0.9435       122
    class_39     1.0000    0.9778    0.9888        45
    class_41     0.9899    1.0000    0.9949        98
    class_42     1.0000    1.0000    1.0000        61
    class_43     1.0000    0.6667    0.8000        15
    class_48     1.0000    0.7692    0.8696        13
    class_57     0.9107    0.9808    0.9444        52
    class_58     0.9706    0.9706    0.9706        34
    class_59     1.0000    0.9286    0.9630        42
    class_61     1.0000    1.0000    1.0000        92
    class_65     0.9669    0.9962    0.9813       527
    class_76     1.0000    1.0000    1.0000       216
    class_79     0.9677    0.9677    0.9677        31
     class_8     1.0000    0.3333    0.5000        12
    class_80     0.9610    0.9381    0.9494       210
    class_81     0.8673    0.9899    0.9245        99
    class_82     1.0000    0.9038    0.9495        52
    class_84     0.9167    1.0000    0.9565        11
    class_87     1.0000    0.8571    0.9231        91
    class_94     0.7115    1.0000    0.8315        37

    accuracy                         0.9408      3190
   macro avg     0.9056    0.8941    0.8903      3190
weighted avg     0.9451    0.9408    0.9393      3190
