              precision    recall  f1-score   support

   class_102     1.0000    0.0526    0.1000        38
   class_113     0.5714    0.8000    0.6667        15
   class_118     1.0000    1.0000    1.0000        24
    class_12     0.9688    1.0000    0.9841        93
   class_124     0.9737    0.7255    0.8315        51
   class_129     0.8214    0.9583    0.8846        24
    class_13     0.4000    1.0000    0.5714        12
   class_130     0.9709    0.9824    0.9766       170
   class_135     0.3077    1.0000    0.4706        12
   class_143     0.9375    1.0000    0.9677        45
   class_149     0.9412    1.0000    0.9697        48
   class_150     1.0000    1.0000    1.0000        15
   class_151     0.9412    0.9697    0.9552        33
   class_153     1.0000    1.0000    1.0000        87
   class_155     0.9744    0.9268    0.9500        41
   class_163     1.0000    0.9333    0.9655        15
    class_17     1.0000    0.8214    0.9020        28
   class_181     0.8947    1.0000    0.9444        17
   class_194     0.9787    1.0000    0.9892        46
   class_200     1.0000    1.0000    1.0000        23
   class_203     1.0000    0.9259    0.9615        27
   class_204     0.6667    1.0000    0.8000        18
    class_26     1.0000    0.8462    0.9167        39
    class_27     0.9375    1.0000    0.9677        15
     class_3     0.8182    0.8182    0.8182        33
    class_31     0.9780    1.0000    0.9889       178
    class_34     0.9779    0.9672    0.9725       183
    class_35     0.9911    0.9098    0.9487       122
    class_39     1.0000    0.9333    0.9655        45
    class_41     0.9800    1.0000    0.9899        98
    class_42     0.9683    1.0000    0.9839        61
    class_43     0.7692    0.6667    0.7143        15
    class_48     0.9091    0.7692    0.8333        13
    class_57     0.9123    1.0000    0.9541        52
    class_58     0.8293    1.0000    0.9067        34
    class_59     0.9767    1.0000    0.9882        42
    class_61     1.0000    0.9891    0.9945        92
    class_65     0.9847    0.9791    0.9819       527
    class_76     1.0000    1.0000    1.0000       216
    class_79     0.9688    1.0000    0.9841        31
     class_8     1.0000    0.4167    0.5882        12
    class_80     1.0000    0.9333    0.9655       210
    class_81     0.8761    1.0000    0.9340        99
    class_82     1.0000    0.9038    0.9495        52
    class_84     1.0000    1.0000    1.0000        11
    class_87     0.9873    0.8571    0.9176        91
    class_94     0.7872    1.0000    0.8810        37

    accuracy                         0.9498      3190
   macro avg     0.9149    0.9167    0.8944      3190
weighted avg     0.9627    0.9498    0.9479      3190
