              precision    recall  f1-score   support

   class_102     0.9459    0.9211    0.9333        38
   class_113     0.7647    0.8667    0.8125        15
   class_118     0.9231    1.0000    0.9600        24
    class_12     1.0000    1.0000    1.0000        93
   class_124     1.0000    0.9216    0.9592        51
   class_129     1.0000    1.0000    1.0000        24
    class_13     1.0000    1.0000    1.0000        12
   class_130     0.9880    0.9706    0.9792       170
   class_135     0.6316    1.0000    0.7742        12
   class_143     1.0000    1.0000    1.0000        45
   class_149     1.0000    1.0000    1.0000        48
   class_150     1.0000    1.0000    1.0000        15
   class_151     0.8919    1.0000    0.9429        33
   class_153     1.0000    1.0000    1.0000        87
   class_155     1.0000    0.9756    0.9877        41
   class_163     1.0000    0.3333    0.5000        15
    class_17     1.0000    1.0000    1.0000        28
   class_181     1.0000    1.0000    1.0000        17
   class_194     1.0000    1.0000    1.0000        46
   class_200     1.0000    1.0000    1.0000        23
   class_203     1.0000    1.0000    1.0000        27
   class_204     1.0000    1.0000    1.0000        18
    class_26     1.0000    1.0000    1.0000        39
    class_27     1.0000    1.0000    1.0000        15
     class_3     1.0000    0.8182    0.9000        33
    class_31     1.0000    1.0000    1.0000       178
    class_34     0.9839    1.0000    0.9919       183
    class_35     1.0000    0.9754    0.9876       122
    class_39     1.0000    0.9778    0.9888        45
    class_41     1.0000    1.0000    1.0000        98
    class_42     0.9839    1.0000    0.9919        61
    class_43     1.0000    1.0000    1.0000        15
    class_48     1.0000    0.7692    0.8696        13
    class_57     1.0000    1.0000    1.0000        52
    class_58     1.0000    1.0000    1.0000        34
    class_59     1.0000    1.0000    1.0000        42
    class_61     1.0000    1.0000    1.0000        92
    class_65     0.9943    0.9981    0.9962       527
    class_76     1.0000    1.0000    1.0000       216
    class_79     0.8378    1.0000    0.9118        31
     class_8     1.0000    1.0000    1.0000        12
    class_80     1.0000    0.9857    0.9928       210
    class_81     0.9802    1.0000    0.9900        99
    class_82     1.0000    0.9231    0.9600        52
    class_84     1.0000    1.0000    1.0000        11
    class_87     0.8901    0.8901    0.8901        91
    class_94     0.7872    1.0000    0.8810        37

    accuracy                         0.9824      3190
   macro avg     0.9703    0.9644    0.9617      3190
weighted avg     0.9846    0.9824    0.9821      3190
