              precision    recall  f1-score   support

   class_102     1.0000    0.5789    0.7333        38
   class_113     0.4545    0.6667    0.5405        15
   class_118     0.8276    1.0000    0.9057        24
    class_12     0.9770    0.9140    0.9444        93
   class_124     0.6981    0.7255    0.7115        51
   class_129     0.9130    0.8750    0.8936        24
    class_13     0.6250    0.8333    0.7143        12
   class_130     0.9662    0.8412    0.8994       170
   class_135     0.4800    1.0000    0.6486        12
   class_143     0.9149    0.9556    0.9348        45
   class_149     0.9796    1.0000    0.9897        48
   class_150     1.0000    0.9333    0.9655        15
   class_151     0.8824    0.9091    0.8955        33
   class_153     0.9775    1.0000    0.9886        87
   class_155     0.9211    0.8537    0.8861        41
   class_163     1.0000    1.0000    1.0000        15
    class_17     0.9500    0.6786    0.7917        28
   class_181     0.9444    1.0000    0.9714        17
   class_194     0.8679    1.0000    0.9293        46
   class_200     0.9545    0.9130    0.9333        23
   class_203     0.8519    0.8519    0.8519        27
   class_204     0.7200    1.0000    0.8372        18
    class_26     0.9677    0.7692    0.8571        39
    class_27     0.6818    1.0000    0.8108        15
     class_3     1.0000    0.8182    0.9000        33
    class_31     1.0000    0.9944    0.9972       178
    class_34     0.9784    0.9891    0.9837       183
    class_35     0.9077    0.9672    0.9365       122
    class_39     1.0000    0.9556    0.9773        45
    class_41     0.9800    1.0000    0.9899        98
    class_42     0.9839    1.0000    0.9919        61
    class_43     1.0000    0.6667    0.8000        15
    class_48     1.0000    0.8462    0.9167        13
    class_57     0.9123    1.0000    0.9541        52
    class_58     0.9706    0.9706    0.9706        34
    class_59     1.0000    1.0000    1.0000        42
    class_61     1.0000    1.0000    1.0000        92
    class_65     0.9832    0.9981    0.9906       527
    class_76     0.9954    1.0000    0.9977       216
    class_79     1.0000    0.9677    0.9836        31
     class_8     1.0000    0.5000    0.6667        12
    class_80     0.9200    0.9857    0.9517       210
    class_81     0.9674    0.8990    0.9319        99
    class_82     1.0000    0.9038    0.9495        52
    class_84     1.0000    1.0000    1.0000        11
    class_87     1.0000    0.8681    0.9294        91
    class_94     0.7551    1.0000    0.8605        37

    accuracy                         0.9461      3190
   macro avg     0.9130    0.9070    0.9003      3190
weighted avg     0.9531    0.9461    0.9462      3190
